"x"
-0.573193996066713
1.56996338705578
0.520792937330151
0.0825659976083181
-0.623296068195712
-1.05165589032297
0.579900980184996
0.676884595952365
-0.172237907723295
-1.40517501327802
-0.90581233490078
-0.390122245046279
-0.224331345430612
0.440704010481099
-0.364938798325465
0.514675652368773
-0.660869295696198
-0.460670892629021
1.17289691526249
0.72077494266661
-0.41924014397363
1.4129853424411
2.43863950636071
-2.44390078591855
1.72492342822434
-1.41510782040796
-0.833324919669027
0.187240447503878
-0.0687788830695671
-0.131886463758735
0.486712284865906
0.257679897240933
-0.317862199455845
0.260450799436793
1.34479507032718
0.0368109786279562
0.355178737744931
-1.64404914845517
-2.09960547999881
-0.97923160539502
0.435473250382853
0.179874943450894
-0.550875660774214
0.944658715983103
-0.95613566167863
-0.512922717547093
-0.754441387949604
0.027144572918396
1.44347588059461
0.690927470818471
1.0284303396126
0.57997335648588
1.39535891701052
0.995955624890489
0.023231016629524
0.65319014718159
-0.462704092120858
0.289072369395471
0.0332299747647567
-0.227769784216588
-0.771075647767147
-1.04192248167274
1.1125429064229
0.849312422766101
0.371828809092998
0.448808076985378
-1.12052505101476
-0.482721162472217
1.20321133106765
-1.12699260881595
0.135745197396328
-0.710396058250426
1.86520058800053
-1.36496827513968
-0.90439030888075
-0.313664345073096
-0.818387481750497
-1.30040967831806
0.224392903093725
-1.00442281414751
-1.14637914667644
0.336430802981737
1.03248612371429
0.716670669610475
-1.04365988349961
-0.0996080055812409
-1.24061292059893
-1.94432069260562
1.16112068052768
-1.09329324953206
-1.92515210217381
-0.571963275314938
1.05678431765967
0.245330453007293
0.899882988570549
0.930804063195455
0.0813323989878439
0.336768350753684
0.0265093576646138
0.755799927706713
2.55534371648126
0.659352483438937
-0.0206447774132794
-0.133193938469371
-0.111027727827967
0.783730348947245
-0.151574163598461
1.2813275912426
1.22474001230392
-1.61603722183626
1.80781024367859
0.405080103810695
0.0514214057305374
0.46119868483527
0.0891188723038275
-0.328441682456107
-0.784650994788132
1.03300093530716
-0.492673301337172
1.29145849741985
0.251685051254081
1.12239821373563
-3.42281308041391
5.97935460587754
7.01188570335954
6.34000799033298
9.20463880417652
-10.7474765974177
9.26828402826566
3.38421273664056
-2.19227280812281
2.90184609514116
-1.43806073538678
-0.17184765481554
1.06187907736097
-2.18594573974944
2.15925072659048
0.00226532027435625
0.2499818889954
0.208701856327502
-0.818212052102986
1.44404986504602
-0.381155001271326
-1.03027527154899
0.158119409030216
-0.00729775024342562
0.634203809012569
-0.587531511527139
0.304402847141362
1.17296407906785
-0.347105323554263
-0.705852520178518
0.748984945895041
1.30135229571998
1.77265963378262
-2.15041393957637
2.86089164248214
4.63072724703511
2.04258096035184
-0.291541941884544
-0.422395694106705
-0.40960422464779
-1.44544583440716
-0.746342028309573
-0.188158482791715
0.860449414254423
-1.55896453466934
1.61444404431129
0.486778045606419
-1.91435200362134
0.445118245157341
2.17332094468788
-2.56084784749588
0.573550755529346
0.962940055034976
-1.18879204711099
1.13364521270038
2.13951177605233
0.858670372251589
-1.18663017492051
1.14552816010589
-0.662629783945937
-0.0510702531895191
0.46103288776969
-0.0129920896943236
0.0217123535722613
0.788413475976421
-0.829934867112627
-0.771074361076111
-0.0298001973523399
-0.240536015692896
1.22937543301684
0.772354647861814
2.05374871364734
2.42569487462241
-2.53635083255958
-0.635144533974595
0.616172608215193
0.561012713190321
0.204147837069153
-0.312798670629454
-0.872111101044876
0.0109537066136333
1.35999224887099
0.588883028491052
1.11294419620607
-0.156135100407695
-0.244088075247558
0.5849701647013
1.64178310940256
-1.19627764701441
0.829378902741822
1.3989628008627
-0.975214700407952
-2.92940418280971
1.53192758873934
-0.652621650039214
1.8274886121697
-3.50968708520423
4.89851234731284
