"x"
0.167362216036257
0.288450675051205
-0.245062855944397
-0.0842145355517261
-0.0168903424161586
-0.45015854937724
-0.131960501121744
0.162660129592074
-0.130621341385843
-0.1946219471336
-0.129879371490003
0.0906152281165293
-0.0672730727467711
0.0311790430255257
0.111647938559467
0.146730588322993
-0.0333149631820934
-0.0475246113497904
-0.0385065392994084
0.0915281306170521
-0.088955682549211
0.139764532360475
0.162804535241837
-0.551250226183193
-0.630657708221343
1.18738538924266
-0.165597669953023
0.262744326880235
-0.0582363060229716
0.197410229800756
-0.0905137265336546
0.121030976996418
0.258839904594207
-0.0610484198568145
-0.0933392203359599
0.114124950887152
0.140365767185151
-0.0156384655836131
0.106317828857745
-0.250636955486389
0.114152390938517
0.27834945420324
-0.359813013320133
0.468608329389682
-0.277160250809029
-0.420107067478994
0.387758556411944
-0.756511003437738
0.12039177292091
0.0442513797916098
0.0513257174360563
-0.0525470010942795
0.0341250451629401
-0.0671993726586763
0.204966310417936
0.144608970228301
0.206317531747617
0.458645780288351
-0.222824209078073
-0.211744788840189
0.0183534854623734
0.0521549806585355
-0.215409856073087
-0.165054343343592
-0.179491613199547
-0.00951811290631755
-0.0735091949416486
0.202141322505795
-0.364661925171273
-0.350003446699092
-0.0409505415996503
-0.0998438834139489
-0.0293089497368605
0.220591712333245
-0.135958730655292
-0.172117197130753
-0.0962683562858086
-0.0496599405509609
-0.0669002814770779
-0.19363152608386
-0.0328694580998789
-0.246474018070727
-0.0331395343416305
0.0688354094572824
-0.227203317628532
-0.119703308842482
-0.00561842629401371
0.257252539189683
0.430347328329303
0.0926806544972012
-0.146480554913677
-0.0115098182719984
-0.331936879089031
-0.128294627867335
0.333082635193792
0.0942272438503282
0.0790760772587857
-0.0699892131081347
-0.0604877278989545
0.056053749311351
-0.0601243084658811
-0.0586902189465298
0.0617817896733572
-0.242376975023001
-0.00926555972883086
0.0870817055694732
0.087776806466935
-0.151581256781167
-0.432632309945682
0.536218973544107
-0.565353437403148
0.0605538161235639
0.0322438207070813
-0.0432225189939145
-0.0249762605198347
0.134899738873677
-0.0463084997904714
0.0762463305562807
0.0785664623342095
-0.252457833232667
-0.384866168317858
-0.36430480857614
-0.513019615779098
0.139214495187318
0.227145987938432
0.0367426642923582
-0.0407749095833352
-0.309334073157682
-0.403597472079798
-0.103527080242431
-0.0746457103235592
-0.146725510937116
-0.528338143053406
-0.679101857144976
0.248865549186417
0.236056314888534
0.507109385476996
-0.856178230349838
-0.570574846858973
0.343652010819265
0.161870384243996
0.1463584536733
-0.16508812633339
0.386487902261623
-0.336560442904649
-0.246592119704764
-0.157142054824587
0.0739347224684392
-0.13926757598148
-0.368863241778974
-0.179297651652998
-0.242909967247504
0.0972956487188139
0.146696032646688
-0.0217851958094082
0.270204193631033
-0.14458376164422
-0.22148255855239
0.101910270400046
-0.298264253473732
-0.163228448833908
0.395399609630711
0.0764751475709272
0.0722347997032968
-0.16093094788321
-0.274284892436413
-0.0903368814824921
-0.0412204951892864
-0.184098801378613
-0.00202220624351045
-0.138887230429262
0.0928493310273903
0.203823501144161
-0.0286787493024706
-0.00551094261644699
-0.0787574085858668
-0.156750402665719
-0.0824990296940754
-0.0177294708250443
0.18114092130054
0.198592214330134
0.324229151345662
-0.0117225911821946
-0.312484754638965
-0.179239418139179
-0.298393830579684
0.000601429276366605
0.0473951179912986
0.116850856644359
-0.140098134647694
0.173939852643082
-0.0420625401218177
0.155488180347244
0.0137168796960355
-0.118607923932959
0.179481686876569
0.27844539764486
-0.0425984541933307
0.0598183902295756
-0.147273425743338
-0.0920172419012388
-0.173529023909634
-0.158520917106444
0.0927631324775652
-0.220571984551891
-0.0502628212290899
0.165963857922047
0.385374868836204
-0.214048831046521
0.18598199756018
0.023526214724993
-0.0429132427517973
0.0631616009434314
0.0925659730275914
-0.222809273223341
0.487082063946593
0.273949862237853
-0.0640084936445308
0.114866191998856
-0.156071322839071
0.205316180058827
0.386148580090423
-0.196160640269723
0.274613075821036
-0.0754459725588891
-0.269269123708316
-0.290018229832046
0.0152334072832261
0.210317503288573
-0.189069839807539
-0.0711309570215277
0.146755677397336
0.0782207624702615
-0.086502376465809
-0.0672262515070137
-0.139119949526608
-0.264421315063986
-0.400170546452635
-0.80374920552287
0.504249443981733
-0.154354764921663
-0.0659192605975549
-0.0430141803659272
-0.104525843566081
-0.237022794971154
0.138968619837067
-0.0693003821799247
-0.12273208368669
0.193997435424066
-0.165849958142893
-0.157330439935208
0.033523929028704
-0.0697148429512497
-0.0305119148009933
-0.010859903012926
0.2665309243078
-0.635542790541931
0.15901345885052
0.367249129454875
0.362458393216308
-0.15767570367364
0.396255136049163
0.177205512834089
0.0830859591598772
0.274952433768092
0.353559198965625
-0.0531025609635818
0.221529138512895
0.353770262848001
0.438453477199293
-0.0865012638872206
0.0418239861408205
0.184709837866018
-0.349404727727671
-0.030370486247586
0.0922924367299644
-0.109471409407484
-0.0974209783544201
-0.105636700626582
-0.322357642631637
-0.682484627854321
-1.06035102509929
-0.345927711706593
-0.316759363234904
-0.0114566873182655
-0.313175163056503
-0.083528973886869
-0.149692325239099
-0.393240802892431
-0.164241721547357
-0.0951603358966887
0.0177254060216384
-0.0600944913908036
-0.0205940936386453
0.285584839153451
0.707813912119027
0.200704264913705
-0.187313461794504
0.227359212216236
-0.182032265187533
0.195231548631752
0.0288517756525309
-0.136075117770605
0.0943687343408946
-0.145662220031235
0.20484317006381
0.367003804660229
-0.424204373983065
0.544588534131836
0.446296278618361
0.23851804765507
0.254948240294898
0.213339509518728
-0.105305384392742
-0.194972757475925
-0.0760972912053069
0.0578289748407984
0.271160822438957
-0.0436350871762609
0.139949149945701
-0.089932280259599
0.0315743080597282
0.369933876681276
0.119848659820501
-0.110475266854324
0.0504652250945692
0.00891801330913985
-0.0913610407875576
-0.215395880639711
0.352137186579564
0.198486107912826
0.0516380479025959
0.260309611297479
-0.110317810216185
0.0639257542861709
0.0134888712147423
-0.173005506282436
0.314330813256573
0.0957432046898438
-0.0685935695540391
0.199227083858307
0.104338738981076
-0.0292055561736841
-0.483432706900537
-0.346690320423181
0.0800435814156468
0.0751397650161312
0.149733938268908
0.151150259230297
-0.159749168725464
-0.271194071378548
0.00717857977672039
-0.206958289625322
0.0867219005701771
-0.104137984578166
-0.223167257285577
-0.127376348463775
-0.0779271653673685
0.0181087482729008
0.00672487740366219
0.201781834799466
-0.404373893573607
0.0432579609739412
0.0968173471335124
0.259451009021501
-0.0763760225824803
0.0654726042954141
-0.0812122418814552
-0.477463924929427
-0.354525601137903
0.0224615113982082
0.383178700771127
0.362595766681753
-0.136400338725174
0.171717826090745
0.352521764763155
-0.117189149038288
0.271839816618506
0.239021181707858
0.456906581637845
-0.244663516131383
0.279978564191826
-0.12663526166142
0.316453790594394
-0.481039826444729
-0.245242785464639
-0.244475431266937
-0.0205968437726112
0.18417004621599
0.256688966353247
-0.186570441340235
0.260469844583539
0.292528966669349
0.867382070766183
0.128391864893557
0.0420114856358654
0.100955865117696
0.110539219617823
-0.10868292410534
0.33302921605842
0.0447563330175929
0.139537711778283
0.492320232151846
0.375158589985971
0.632767331423813
0.235167275783139
0.332133250802409
-0.443808652734786
-0.587027751158976
-0.118259456041642
-0.220827144099759
-0.480438306489065
-0.027886406779585
0.047679928857348
0.0540735889458851
0.0323671648033981
-0.159870545109021
0.118462232949152
0.104787681047824
0.273129105912462
0.283145397235049
0.0916335268948628
0.131332796541291
-0.134131545756929
-0.084986450373277
-0.0285299284030861
-0.506861365143266
0.138842345976778
-0.242449294190543
-0.238361505776075
-0.00561444309672251
0.0115178288942096
0.0733681603622764
0.101345013882685
0.358417016014529
0.461519854675075
-0.269453527219316
0.469189260081696
-0.656887392486786
1.26808556958313
-1.13489721180617
0.151699112264848
-0.0462859391464602
-0.186228214643103
0.102726919805032
0.0266981771858653
-0.104456402319571
-0.0578989853427642
0.0334223850879278
-0.0482198384071554
0.118765398530696
-0.00581494179889204
0.165594848173831
0.00940149087385922
-0.311640589923511
0.121573376419645
-0.0318838632920419
-0.0391257055312478
-0.0547752662838212
0.0473922267782984
-0.040096859580282
-0.19082044669528
-0.169564885109816
-0.288723952180854
-0.0564116647732405
0.313740019799593
-0.117530930764205
0.0132530102139102
0.058268723523856
0.254682655960489
-0.080474010649338
-0.287099019251069
0.0608862854359347
0.107488953222907
-0.127433937210287
-0.0414034073513742
0.0585429258340272
-0.309500965174595
0.332142740505128
-0.269131036837787
0.0235343262511369
0.0814628464323088
0.0206694674324925
-0.0606210712927682
-0.192211702511039
0.00369565536257858
-0.00856343956810364
-0.283041291583895
-0.16345278700825
0.0115956158518482
-0.155241714111458
-0.105973456305028
-0.0597168740283695
-0.132349966053891
0.144714240143233
-0.220242267705546
-0.513451398604328
-0.111153191123243
0.00832316844610665
0.15487027366677
-0.204912769995169
-0.157834855819614
0.27822859834914
-0.662500199382021
-0.701338456372523
-0.024462189174458
0.0134918952888861
0.0337330973381391
-0.163916363419249
0.0511597466332466
-0.24779045188334
0.34362850780855
-0.58327432299009
0.541196962627046
0.0317978407734084
-0.0728154414319842
0.273442745033737
0.2302289528895
0.0519074897981293
0.119540473057064
-0.117110627936358
-0.266836966655591
0.2011558073144
0.229379614764497
0.0121104150371117
-0.19284905749977
0.0980522562918508
-0.194460274279538
-0.0147302975017697
0.113944836640297
-0.196270058942702
-0.0710222830642403
0.17145173115054
-0.257625748289149
-0.273789931445771
-0.095043510980299
-0.0782769519780142
-0.0317177933028354
-0.119928586769822
-0.190036050757306
0.0170849629493923
0.152382091241046
0.204031507934331
0.102236194277905
0.120419756834017
-0.362117812149849
0.142802588283912
0.0334707529983109
-0.420474574929877
0.129524869291371
-0.0267748682217201
0.203414086589
0.0343651340077504
-0.140813311953062
0.128510086709831
-0.0714907624387327
-0.0643613941697653
0.0676856443712575
0.338686605565118
-0.271542709476435
0.279197006845817
-0.126958808057328
-0.15612096027783
-0.32904441359755
0.0952480162492944
-0.609949399457538
0.052439576756554
0.209652578487664
-0.161245049585177
-0.152717415955254
-0.0894144968253961
0.0131237751489307
0.22429503488528
-0.238440756471812
0.309570002899835
0.209185490630629
-0.325603745162333
0.352833904416154
-0.584752305154153
-0.19191587897465
0.0891790765938711
-0.0367278622237909
0.186914809103488
-0.158888539277843
0.0751803397379388
-0.0143658743640527
0.216957827201133
0.235929390500278
0.265758758199782
-0.164026075875615
0.0354459971050219
0.0917607689094061
0.211001610619283
0.0190691796224491
0.0903609772929088
0.00635314774889241
0.0941138150976015
0.283214824233549
0.0953664876440735
-0.239452891833981
0.248779802859478
-0.136573822503832
-0.0339309660112651
-0.162210487994671
-0.325330577946704
-0.125567603572845
-0.0671877703562602
-0.259934814317413
-0.098969599176563
0.137181736809106
0.0618210556897578
0.301420023205316
-0.354430680043556
-0.449967894679868
0.241337139851868
0.131284176900748
-0.449006303714559
0.0700374628361766
0.101849643334074
0.198697912282666
0.1560982072148
-0.090935249714151
0.162144893679093
-0.0759724938295505
0.0678048060620939
0.151158359221808
0.0908805573625571
-0.301557771571453
0.10389849468972
0.0493490603843998
0.287383091959337
0.223133031908481
-0.0532731385560192
-0.0543038114342499
0.153400771810907
0.245604163392805
0.0206712236907297
0.00895276088524673
-0.0305916210312771
-0.2438082371489
-0.152438777641081
0.0932030002617441
0.127438738038743
0.0128675400560541
-0.0502248542035136
0.470925319013604
-0.407012616532164
-0.305713242623786
0.12951404172179
-0.257109667407628
0.104776006462086
-0.189182022245158
0.012295926077825
0.464859190887502
0.26735599156785
-0.567755343322561
1.03785323976021
1.90452081678282
-2.257249317586
-7.61698674067458
7.33483955681511
-3.27157500392298
-3.13424834347015
-0.601305428236085
0.138839767467449
-0.129373041013761
-0.125837730482738
0.0614468503905762
-0.31130754771103
-0.653545127892769
0.0340377812350575
-0.152208372901539
0.290017909458733
0.429056929293803
0.601762670322931
-0.369593593306804
0.186729049342908
0.600392187784316
0.44270062981922
-0.142326750011762
0.102764171370162
0.197845698554348
-0.394687373890888
0.434645697955071
0.384071580259604
-0.1633489160476
0.263101649195998
0.520634506979291
-0.315470526097521
-0.205042351866522
-0.359121495209141
0.273289774681856
0.261511300569225
-0.0927254456967294
0.201447231715115
-0.248740958715032
-0.278265598648974
-0.181853581239749
0.244223613717825
0.125528494762071
-0.169974494066556
-0.339870760950597
0.422425589093515
-0.23532083059945
0.0177093953875061
0.0640911271121267
-0.29410207221365
0.136650056165519
0.338587259310706
-0.110380020088866
-0.0142506540137918
-0.227851370005982
0.18860156758348
-0.0458686479205313
-0.237529534745538
0.089983796295238
0.169490034686567
0.163524713449286
0.197746917034294
-0.102747350337838
-0.304109977481183
0.39922859886636
0.154840266729502
-0.00981695002440173
-0.0519873300154535
-0.137018783305859
0.06818403912662
-0.179677139821514
0.164835098948779
-0.141580700348049
0.105580396240405
-0.0478234418762696
0.0612972186828925
0.421374058819601
-0.0914693683540187
0.0934100190759904
-0.141740456400207
-0.178657295373655
-0.0667903084961883
-0.0987199732692518
0.180140368736002
-0.414491813537546
0.19381860921873
-0.284511767371832
-0.163616882333561
-0.0094542592589429
-0.0496492012707731
-0.172777612072175
0.104925059752139
0.0353488372417809
-0.065107016035357
-0.0923220425127937
-0.169407863842556
-0.11291115957939
0.220006536047953
0.0443969968680751
0.067235550571895
-0.138878106322661
-0.225078541866491
0.0351112612094328
-0.108892070090327
0.375052565547904
-0.330986991452394
0.439902515814623
-0.307114069837336
-0.0454366394529024
0.0371080288233862
0.0278043101599866
0.161274779257675
0.243050046965225
-0.154213707333378
-0.126319044366809
0.365907077916466
-0.0303612164634006
-0.000148768643283833
-0.124749162240856
0.0459440966723946
0.249473446422037
-0.049675530574569
0.112944903097942
-0.301725125111757
-0.133361551169455
-0.138807531886003
0.169439198643111
-0.521228159409346
0.203566681247704
0.236021232232326
-0.266151592857838
-0.444891707642091
-0.206836985723866
-0.220122809846869
0.363118612978183
0.101176826632455
0.616993730938211
0.353955992973244
-0.353953451991219
-0.0297731921837926
0.172092951562588
-0.0649095618122579
-0.146547040617531
-0.0581076575285507
-0.238501254317836
0.00725051024603473
-0.278990618078309
0.396891180204548
-0.128878620853707
0.212787462478854
-0.0298558117023558
0.212161120358253
-0.224787176357261
-0.372720915900897
-0.552019121220886
0.272539375549102
0.335015710209113
-0.599372193572209
0.35282425372052
-0.0832596410126633
0.225670698003559
-0.306832448336562
0.180954900246181
0.181901679304413
0.100258770066077
-0.267973871237697
-0.160232417102929
-0.0873051016403679
-0.0352633375314825
-0.0760286789901461
-0.303990590300299
0.0651381085934434
-0.0315397261635485
-0.0438383835287569
-0.281737473718442
0.267827614998556
0.000791838372446924
-0.12242431565588
0.0354378888572264
0.182839257645901
-0.0748623185281484
0.16187537871614
-0.323188194285928
0.34120384221313
-0.386787801214323
0.251829493994402
0.141273538629827
0.226191100999381
0.124691523751068
0.0234631709117146
-0.0368289284215872
-0.0709303427942349
0.176265712968361
0.28132833269722
-0.299740598135186
0.442239538214314
0.67535294551818
0.314457532580275
0.049262510092275
0.319017412212428
-0.276631120679518
0.0698551714606299
0.0607408655262502
-0.0273440709316672
-0.20270459551771
0.137806973230201
-0.0854166356754055
0.0168391824456279
-0.150816123103032
0.23474243111459
-0.26930544937973
0.407638664498428
0.987566632916733
-0.867128454840767
0.106666395894443
-0.00204537459022569
0.126199667273001
0.219677368524714
-0.132592818003932
-0.192438292241486
0.27555392678509
0.329760572308812
0.273006388250013
-0.0179021531797844
-0.243007508555131
0.0623327254647299
-0.0978180415363119
0.00668940639385953
-0.224477269419757
0.0788011870018773
0.0494082001864055
0.101172934470897
-0.0170718201083498
-0.129249028915471
-0.317227062242994
-0.439547944186712
-0.657157742682003
0.437194875737968
-0.574548641703219
0.379816395915108
-0.04502047800391
0.0517853243351261
0.0142755023338656
0.0425027203268699
0.11248748754033
0.232250318234379
-0.210654301077229
-0.465098144056707
-0.401853054041883
-0.18172142103896
-0.158247468915687
0.131459886804482
-0.032114321740202
-0.427962397537071
0.112512140801661
-0.05112190520758
0.19287338981769
0.0175249299642912
-0.0192509056993972
0.109762478437432
-0.115581210074668
-0.151390361811708
0.132569721015188
0.180107260743936
-0.181531184156236
-0.0321415338726965
-0.140635684257888
-0.186005033995357
0.375464283385306
-0.302847375130865
-0.00322177750124636
-0.140841843008177
-0.054935730014551
-0.0153256268868473
0.082568629479506
0.122165276425865
-0.0189361866299313
0.13663441426283
0.386998613458088
0.0187906766347465
0.12642106452445
-0.366374659058412
-0.456685035095092
-0.566293324740008
-0.652361595398622
0.0215409149682977
0.21448123519961
0.00903182489227129
-0.28671485003752
-0.0536982591638147
-0.119864819863942
0.308566091353342
0.0897555090251899
0.0722985978959607
-0.0218118972387334
-0.0526738226417176
0.0237334341102711
-0.046943986788252
0.0246471358509047
0.199275014848309
-0.341814246421967
0.175605324565968
-0.208532688255891
0.0789008218570726
0.226918481196948
-0.296525438724009
-0.0668416436439039
-0.0452426932472528
0.157992784293087
-0.157318771796633
0.170631827493429
0.0359231515677816
-0.0984639745985749
-0.17852256876785
-0.0219246031425853
-0.0337700598151809
-0.111692211475548
-0.37415458179508
0.0772942251229102
0.0560241310295645
0.023158125099507
-0.0815176005954745
0.231898450894687
0.275710076102958
0.102098899500066
-0.0750634895873635
-0.0993544926181344
-0.0991733367760293
0.0090027047115954
0.0836147595461348
0.141857946356951
-0.199739732164024
-0.090298219175269
-0.194244259375599
0.293285336456855
-0.460784567229054
0.409099259442253
1.03255072621741
0.291178389971564
0.0257009403036127
-0.0760727397578019
-0.301138274317093
0.186490671851605
