2709.54	
2528.71
2627.60
2480.15	
2555.95	
2394.02	
2530.47	
2384.02
2451.24	
2273.53	
2445.99	
2271.89	
2222.20	
2263.31	
2419.97	
2276.05	
2355.94	
2212.11	
2335.50	
2260.24	
2297.25	
2159.14	
2362.04	
2225.59	
2340.30	
2199.80	
2376.76	
2233.82	
2345.67	
2210.31	
2410.42	
2283.49	
2386.29	
2241.72	
2377.28	
2269.94	
2357.41	
2199.68	
2394.28	
2278.61	
2335.67	
2220.82	
2295.02	
2259.34	
2402.70	
2278.51	
2501.66	
2272.99	
2441.86	
2293.87	
2427.48	
2255.29	
2403.22	
2253.10	
2466.91	
2291.95	
2389.79	
2261.57	
2392.99	
2208.00	
2291.43	
2185.54	
2263.01	
2073.38	
2151.45	
2059.63	
2175.13	
1986.79	
2075.08	
1986.37	
2039.01	
1894.54	
1909.24	
1864.95	
1986.62	
1843.80	
1851.30	
1840.85	
1952.11	
1792.29	
1801.46	
1776.49	
1877.97	
1717.48	
1701.81	
1655.78	
1793.87	
1645.47	
1631.37	
1572.00	
1715.50	
1588.45	
1561.33	
1537.03