"Indexes" "Values"
1 101.707489241602
2 101.076005599424
3 102.166515301657
4 104.103277213002
5 104.393652569463
6 103.565952960623
7 103.979423165535
8 103.346058553696
9 102.655391449977
10 101.92877127186
11 101.48630077166
12 101.049449846152
13 101.313663978829
14 99.0493660899552
15 99.4223584609849
16 98.7658345151082
17 100.747145670614
18 100.293144484913
19 100.416320151722
20 99.4894735695237
21 101.217862320877
22 100.633306485495
23 100.43699743387
24 102.331065920604
25 99.1511033642908
26 98.0893620286442
27 95.7622086357836
28 95.5638582576026
29 94.1388399607664
30 93.1226325345754
31 93.5497002423123
32 91.6023806777205
33 91.3542834477428
34 95.5787182073907
35 98.117441281102
36 99.9926399857686
37 100.547243089465
38 100.746839761985
39 101.370800790322
40 101.643381101874
41 104.018701128283
42 103.292791409327
43 102.351969946006
44 102.551603680325
45 104.091997786747
46 103.562520166004
47 103.901474377304
48 104.883088473876
49 101.70955497132
50 99.6235954982267
51 99.30462510586
52 98.6191595907717
53 96.0700283290604
54 96.9146839774858
55 97.252538844306
56 97.9619294654716
57 99.0243333920449
58 100.003520803865
59 99.2645152293545
60 100.717090765534
61 100.877478086263
62 99.8556096196903
63 99.2103766727856
64 99.0897965639618
65 101.96555245438
66 101.257795565992
67 99.5885865732788
68 98.1056163386246
69 97.7314236204432
70 99.2673713222577
71 100.270647975701
72 99.9631527880835
73 100.840269816419
74 101.527785993316
75 102.134820264345
76 103.889639686189
77 103.125952130589
78 102.926138205377
79 101.472076719638
80 101.323174134594
81 100.215794474953
82 99.5895666674842
83 98.7069315547737
84 98.8410816977252
85 97.5137046286
86 97.4984293998277
87 95.9763045463657
88 96.2316217025525
89 99.4319737229923
90 98.8558042639999
91 100.36480770685
92 97.9981992329195
93 97.3770351592745
94 97.6392847427285
95 100.088535356977
96 99.008516328474
97 98.0107114641855
98 98.5167047807819
99 98.6016349554566
100 99.6999099781094
101 99.5160239211221
102 98.3717179031311
103 96.4700703417034
104 96.6219792373836
105 96.259000352226
106 99.5216317230553
107 100.936291067451
108 103.602987614762
109 104.66730147955
110 104.57354700587
111 104.469973665111
112 104.490885658082
113 105.916043039182
114 104.693805551358
115 103.187638740622
116 102.735933032293
117 102.730749625809
118 99.7465683037156
119 97.28040212626
120 98.8315521732437
121 98.6034924372098
122 98.3097898124339
123 98.0841242566679
124 97.1761180102785
125 97.04998062192
126 99.0109856198928
127 100.206421791455
128 101.748652885192
129 103.945118658794
130 103.731401027926
131 101.181505706574
132 102.645049496703
133 101.206663187428
134 99.9587868683333
135 99.5416931419246
136 97.9609834315691
137 96.8750676381028
138 97.0992449782354
139 97.5556049210837
140 96.328096236858
141 94.9882337925001
142 94.3977639500362
143 94.272747513725
144 99.4126639071802
145 99.8830801365469
146 99.7673303753707
147 103.357126744762
148 105.035364156181
149 107.110076061565
150 107.93076910733
151 109.135958906362
152 108.658002253797
153 107.237985080749
154 104.560209891157
155 99.907295586564
156 96.3454835060223
157 94.996221038439
158 95.7147531309512
159 93.979996313347
160 95.1595778452329
161 98.9460932258345
162 99.6148577616411
163 100.989957649675
164 99.4150601953705
165 97.7461960703688
166 96.1109838514247
167 93.5016023283084
168 94.8224352909371
169 92.5821492197313
170 95.5425971085381
171 95.3022242025675
172 93.6078061943894
173 95.843124149051
174 96.838921552679
175 100.534355951859
176 102.105392390428
177 101.649037454087
178 104.183328920447
179 106.964483863102
180 106.239109395406
181 105.367801239981
182 102.79965252546
183 100.555661690866
184 99.3770975764151
185 98.9883117769395
186 97.1174525345116
187 96.6017313444802
188 97.7627380534451
189 99.2396807719373
190 100.301916566176
191 101.726919364196
192 103.715270705588
193 104.440441243904
194 103.229792201581
195 101.409809358405
196 100.323163114084
197 100.652876289273
198 102.330814865876
199 102.770764147648
200 100.589584669332
201 99.3507264585994
202 95.8394875395775
203 92.909647009453
204 92.6337072324189
205 90.9151308458748
206 91.2018555372884
207 92.5975690728191
208 95.3021362597526
209 99.7422413326214
210 101.232289973155
211 105.892847471869
212 108.147627265168
213 109.782479570758
214 110.58545989817
215 111.724955827431
216 108.791471327326
217 104.968726911399
218 104.251688887058
219 102.850138635758
220 100.740768608615
221 100.169907134284
222 98.842291153447
223 95.9318456785768
224 92.9281102755528
225 90.1942451898244
226 87.5115358207422
227 87.9197902736859
228 91.6908571467948
229 97.2995641884888
230 101.055263355259
231 103.440721336243
232 107.214834208044
233 107.660808463957
234 107.75125623638
235 107.439704586298
236 107.416225084847
237 102.87103391263
238 103.23918290541
239 99.388250958665
240 98.3443793985522
241 92.5518040485717
242 91.648800757665
243 89.4578030214928
244 87.3496266686808
245 87.0065316312365
246 87.7747700319856
247 89.7913076589483
248 95.7479819954503
249 100.315071042479
250 100.469279349423
251 104.27296428117
252 106.102721087813
253 108.062113268913
254 108.882221393471
255 109.614060602416
256 106.673374581919
257 105.94047602368
258 102.196435190118
259 98.423016553822
260 95.1238293269225
261 91.1023136493094
262 91.5704655876065
263 92.714757185323
264 92.6375714972333
265 97.2288386474422
266 99.0409863668782
267 99.7676471735579
268 99.6828735805735
269 101.763989651851
270 101.665810292277
271 101.277521422815
272 99.0055466948637
273 96.9621066345964
274 98.4715083888878
275 97.1364090357887
276 97.248096789968
277 97.8911553359707
278 97.673618247197
279 94.9689989755817
280 95.6793223523923
281 98.7577866308065
282 101.245263334245
283 101.257865926247
284 102.463175478932
285 101.90917538853
286 102.13875773606
287 103.855144828065
288 104.142748793532
289 103.328627457686
290 102.732526982762
291 103.142303000886
292 104.42238584751
293 102.94684655504
294 101.958602674734
295 98.6427134811083
296 95.2455442960764
297 91.5436460105024
298 90.3738296884001
299 91.1702291385186
300 92.2032614480321
301 95.8685222582242
302 98.3968236532194
303 101.182690676462
304 105.02732830533
305 108.102506973209
306 110.121749027648
307 112.273435875591
308 109.185092806825
309 107.022150710305
310 106.559144733855
311 102.275592036771
312 98.791417152666
313 95.4172765648483
314 92.9210696560045
315 90.2394743510547
316 89.6979932077064
317 87.182933931615
318 88.0438326016872
319 87.4024128216892
320 89.963634528501
321 91.2701133252803
322 95.4537837269779
323 98.8911310716002
324 102.553527529191
325 107.57589191904
326 114.398349036008
327 113.426557062455
328 110.602830631476
329 107.47716739584
330 105.92696173611
331 102.071196397738
332 100.371418390342
333 100.453817433751
334 98.1639342860609
335 97.8883082850344
336 98.0417542019278
337 95.9818752426415
338 94.4919332145239
339 95.4115996396265
340 95.0346600088351
341 95.7893598662008
342 94.9190202804793
343 94.4262406067816
344 97.7413774787406
345 98.6973588525322
346 98.0710319051366
347 94.944145759999
348 92.0593998914645
349 91.519609191542
350 93.8384879104923
351 95.0545052128576
352 95.2993339260412
353 96.1011970454783
354 95.9584562351221
355 100.748111255508
356 106.122823082046
357 106.311512086703
358 106.285132192549
359 105.696112754928
360 105.311583151032
361 105.860729387643
362 102.302619186433
363 101.512281554529
364 99.4623085717299
365 97.5715336159932
366 93.8393272592528
367 92.5732974367963
368 89.5796163024333
369 88.5610522171049
370 91.5029766014548
371 95.2216986073869
372 98.2518289430818
373 101.837479392629
374 106.278963754909
375 109.36198192373
376 110.202261453737
377 110.761910973894
378 109.884053885165
379 108.800438953472
380 106.079452756516
381 102.738354948124
382 99.7093681352257
383 96.9264107775586
384 95.822700320482
385 95.4056953376115
386 95.0914422203077
387 94.2983779832
388 94.5081908566047
389 93.2816965863577
390 95.2127785267734
391 95.8748337202399
392 97.9131304100601
393 100.459813638681
394 104.497329295326
395 105.659336835887
396 107.926964759054
397 109.073737822649
398 110.667177320767
399 111.464137498224
400 110.527289384243
401 109.06741203244
402 104.718079681918
403 102.590906334405
404 97.3733248067816
405 94.2054172325866
406 91.0272444713427
407 89.7904877185693
408 92.1223499401831
409 92.6033655000024
410 94.594607666878
411 95.8527866957617
412 101.1790951383
413 107.21239972416
414 107.087373497659
415 107.8053323931
416 108.170116908119
417 109.476402790181
418 109.117068642354
419 105.547713477281
420 105.26496653457
421 100.199149364796
422 97.9805293533401
423 95.8357605930664
424 95.3416582684198
425 95.8467612970332
426 95.8717459107158
427 94.7469224332253
428 94.1528793042631
429 95.3979089225991
430 99.1228699726166
431 98.6865913086354
432 102.860755707046
433 104.767100349716
434 105.918703706827
435 105.854134458131
436 107.584739753019
437 108.251575277722
438 106.487282716478
439 102.292357711739
440 97.573624039879
441 95.3321303100738
442 90.7666418775627
443 89.9842080747515
444 91.443162939423
445 93.1582880222123
446 94.8096757121161
447 96.2498918938222
448 99.9732823120672
449 99.565329048121
450 101.203723516928
451 101.252564378136
452 103.266651801128
453 103.906801045006
454 102.735035266402
455 103.519878416766
456 98.372564489637
457 98.0680015978595
458 95.7123261787517
459 97.2203782325313
460 95.0294382937556
461 94.510980856371
462 95.64037423986
463 97.5978642860037
464 99.856332419806
465 100.436469603022
466 101.153188761139
467 102.435446348806
468 103.003727421653
469 104.322518649478
470 103.831085141531
471 103.633116560407
472 102.243884914216
473 101.630614451411
474 99.3827291786808
475 97.7153090551276
476 97.6608741681377
477 97.3349437351816
478 97.0897087879715
479 98.2292013428694
480 102.278700364753
481 101.802649119744
482 102.389608102032
483 102.145535524321
484 103.154523204268
485 102.396164008207
486 99.5090102793187
487 97.7849779544329
488 97.4503346123216
489 97.638678191789
490 96.079013609157
491 93.2311431902854
492 91.4078919959951
493 91.6908132911374
494 92.2316944058993
495 95.7477545273908
496 99.7218053099076
497 104.118124893157
498 106.26807126704
499 107.396965107094
500 104.843806208963
501 105.119837475704
502 104.400700315068
503 100.566831998116
504 100.865137826129
505 99.2375925836087
506 96.9686530707551
507 96.4262442497366
508 94.1665834844425
509 96.0364251617211
510 97.0785630138944
511 96.3246596973537
512 96.6801202986593
513 98.0306331898523
514 97.5542796372384
515 95.5761421243366
516 96.974828664488
517 94.8956912795405
518 96.0908315372796
519 93.6784899864636
520 92.588970631807
521 92.2631013623303
522 90.0347601151834
523 91.0616301243624
524 89.6529417528679
525 92.4898323547423
526 93.3008368827043
527 96.3609540226447
528 99.7700198412757
529 101.754051146237
530 106.86620091677
531 107.41104086494
532 107.01287674398
533 106.380917667438
534 104.536940615988
535 102.211154659014
536 99.3112149688656
537 98.1154824628162
538 96.2455690508643
539 98.4810139218141
540 98.3641523130561
541 100.604957288062
542 100.389532195096
543 103.415824849582
544 106.024422577308
545 105.589215408218
546 106.345460335172
547 107.302956428134
548 107.694378358015
549 105.450643924319
550 102.412765694389
551 99.7403798011412
552 95.4999605313424
553 93.0593350129153
554 89.8851795786519
555 90.2645525905246
556 93.2892279992716
557 93.0951772493133
558 94.7677090852894
559 96.7131763072037
560 99.3810589728537
561 102.474415666283
562 101.69951123683
563 104.021819931146
564 103.348593727815
565 103.25637143648
566 104.252572606809
567 104.541885077368
568 103.638302284104
569 98.2932749153322
570 97.8034551300513
571 97.7681635358797
572 97.9283027460702
573 97.3682684889465
574 103.43424119063
575 105.621225113845
576 107.703018383251
577 107.483064510434
578 104.615553727574
579 103.800242247005
580 102.993983011587
581 101.884571543178
582 100.837639391498
583 98.5799032916549
584 95.1624019413807
585 97.5677587843085
586 96.8587225883142
587 96.3060217587366
588 96.7716426812223
589 99.9160156902721
590 101.504740192584
591 101.247308318819
592 101.251882175361
593 103.905629070692
594 102.932123232296
595 101.664164071698
596 100.893809205625
597 103.432859592921
598 104.90847554326
599 105.961790602664
600 105.834360305707
601 103.920826015217
602 103.28510793216
603 100.220843266435
604 102.258772787792
605 102.056382267805
606 104.545928778871
607 104.329808050012
608 103.536000057796
609 102.022964155527
610 101.016614288596
611 97.9276482906294
612 99.9036698587362
613 97.4699717337658
614 97.9137777163364
615 98.3704655490694
616 97.7781148890518
617 98.5299395266102
618 95.6364048232705
619 94.6557684673025
620 96.4460449200891
621 98.2629075562888
622 99.6181074504216
623 102.272449847474
624 101.575781900794
625 99.3591507831495
626 98.3060782659144
627 97.9236021793024
628 96.7476039338468
629 96.2677193685941
630 98.7741250934541
631 97.5697176981648
632 95.8914040171639
633 95.0884398367676
634 93.9937546932929
635 92.5517086575884
636 91.8607499254878
637 93.2668243125701
638 94.2118264437017
639 96.220060509945
640 98.2454158813403
641 101.911804580594
642 103.077529120945
643 104.434079299129
644 106.087592981306
645 105.772680722711
646 106.066576608034
647 104.176120610024
648 102.810219312049
649 103.579575733167
650 103.10996797769
651 100.987977617542
652 97.0478086574274
653 94.243237035132
654 94.8069538560729
655 97.1073469742097
656 98.4095725772888
657 97.8041580083327
658 96.5615782678889
659 98.5619300268139
660 99.8655447823496
661 100.439133517992
662 98.9929738368669
663 99.1540026946003
664 102.704490271066
665 106.212179567419
666 106.476043803114
667 108.464912709709
668 108.587280032502
669 108.495665201548
670 107.59330306088
671 105.664085317621
672 102.621925227574
673 100.296098412598
674 98.5636162577555
675 96.5021411483376
676 94.9360327310078
677 94.9843442062148
678 96.0884253497694
679 96.3968512057575
680 95.6997117508159
681 96.2503147809396
682 97.2315751738957
683 97.9404432026177
684 100.133026328352
685 102.209917914786
686 102.836623267761
687 103.602726946754
688 104.234087561863
689 102.711882269368
690 102.392076318014
691 102.50571535768
692 101.611033288116
693 98.463204511688
694 99.7189359210529
695 101.531863097373
696 100.456844753248
697 101.880389830628
698 101.582391170988
699 99.823485214044
700 102.399001395036
701 102.385199111008
702 101.670393878707
703 102.276304157283
704 101.713822133538
705 101.752777303787
706 102.118465738357
707 102.01774915374
708 103.55772658175
709 100.879607019816
710 99.8685069010295
711 96.6753083486193
712 96.2420035484771
713 95.1991011594429
714 94.2049026423364
715 96.2487764280985
716 95.4858546421218
717 97.1027589292003
718 98.3591247061844
719 98.3425259602897
720 98.7598907931835
721 100.341007395799
722 103.695841671904
723 106.102002063185
724 104.61604826859
725 102.490207475992
726 101.713571404624
727 101.40182806631
728 99.8406735184742
729 98.408315644506
730 99.0651220593585
731 98.3187469141344
732 98.1755772615029
733 96.2965400939127
734 95.6109663035456
735 94.2750765235939
736 94.0193389738303
737 96.9773557976223
738 100.012625106491
739 101.076684474183
740 99.9372335510412
741 100.85199370897
742 101.635146410408
743 101.574857401569
744 101.245862126764
745 101.878625870861
746 99.7118603711577
747 99.2083517319489
748 99.7798523437633
749 98.2863787269143
750 94.7938911149234
751 94.3201159929569
752 95.1662448927161
753 97.5043194158118
754 99.2930494363267
755 101.102743209034
756 103.357685948173
757 102.640418809547
758 104.375896020148
759 103.870267867034
760 103.806127946223
761 101.798884766566
762 101.612487848838
763 100.475471247664
764 101.309854808784
765 99.6280505623699
766 97.2938290629866
767 96.336203955233
768 94.3136845516818
769 92.9487785289251
770 91.9803494221766
771 91.0225716420971
772 92.5280754495192
773 94.1267104404172
774 96.6279948369965
775 99.0245975524245
776 100.428715659477
777 101.611534792629
778 100.851676768119
779 100.39639491502
780 98.8971570107553
781 99.2730338542317
782 97.6847396519434
783 97.6745487529094
784 97.2466554712305
785 96.8144024450201
786 94.8906035353349
787 95.8281467472442
788 97.730920086191
789 98.4058983554515
790 100.442783098421
791 102.148701393714
792 103.357300742143
793 105.997714272326
794 107.077921665835
795 106.472236944432
796 104.167248294712
797 101.814453038239
798 98.9033011965312
799 98.7517966595941
800 97.928961483764
801 95.0526816887424
802 92.4097680536288
803 92.975441606908
804 93.4249821335486
805 94.7631753619127
806 94.5000981031831
807 94.9199928105023
808 97.1402364882805
809 98.3668649132968
810 100.375375602037
811 100.445657083587
812 101.753000248829
813 105.070226508963
814 105.940473423433
815 104.990581028986
816 102.659791603092
817 99.9553058275611
818 98.9163741139727
819 98.4875092531697
820 95.3722760344856
821 93.7287440118384
822 94.234212598716
823 95.6471048959719
824 97.336065220141
825 99.5069315857825
826 105.651709981202
827 106.887608452551
828 106.80466700092
829 108.132797711135
830 109.778503079002
831 107.991351861124
832 106.770053739456
833 105.205393629794
834 101.194433428508
835 96.037390290831
836 95.2971799777125
837 97.18539432865
838 95.3389743732733
839 94.4272034496112
840 96.3710595173497
841 96.0616603348842
842 98.0940704224129
843 99.7667528654373
844 100.184252153647
845 99.820502416951
846 103.155930932641
847 105.35158220787
848 106.360384881229
849 103.289640608446
850 99.0268600871161
851 96.0567754831076
852 94.770456132037
853 93.5258934014942
854 91.4959708627878
855 91.5222642632611
856 92.9747682586679
857 96.1826926385471
858 93.984569153532
859 97.4000641365767
860 99.8202221146176
861 98.0439940876072
862 98.3801350382965
863 99.1017444422104
864 97.9186198905481
865 97.6959529588753
866 96.8780749973118
867 97.891493801385
868 102.006664988135
869 102.588738528128
870 102.200567902165
871 101.32102566528
872 102.094955469585
873 103.067320301218
874 104.154627464681
875 103.042020098802
876 103.56362495254
877 104.247759265483
878 105.34054609892
879 106.730984048553
880 105.572884048491
881 102.344211318675
882 101.329014908563
883 98.4036700267181
884 95.8869130176331
885 92.387978499694
886 91.7988703681304
887 93.9373277834046
888 94.0432434840736
889 93.339512642349
890 97.3555317926999
891 100.440357540165
892 101.839889828149
893 101.483688221143
894 103.319658845113
895 105.431909607272
896 104.018300485614
897 104.546797206418
898 100.647347645457
899 100.463407182771
900 100.621549172165
901 101.12905646582
902 98.5543801957249
903 95.5598462727331
904 94.5998343618418
905 94.8719585374337
906 94.7849891797549
907 96.1701078251158
908 98.3761127530776
909 97.9035532221319
910 100.247219941463
911 104.901425132573
912 108.141071210237
913 111.44812721923
914 112.959500179678
915 115.426618948787
916 113.682498550883
917 112.18984781613
918 108.169722128071
919 104.835412765971
920 101.495869906953
921 96.6995250865984
922 91.8818017834228
923 92.494815834532
924 91.8395917495714
925 90.3532577637408
926 90.959368166259
927 94.672226026091
928 97.8269759879674
929 101.09365829612
930 104.730501541412
931 107.432169818039
932 109.009896394437
933 109.72820483942
934 109.213562249121
935 106.792210780454
936 105.661081985922
937 105.527365210222
938 104.68842625239
939 102.827668474716
940 100.486855992888
941 96.7685882052959
942 94.0399322488764
943 93.8497221087974
944 92.2447070045051
945 92.1878662940539
946 94.1829380593233
947 96.7688780204966
948 96.4989687329133
949 100.923262611586
950 101.466276513342
951 103.565975406523
952 103.234951865385
953 106.11110913914
954 109.082218161475
955 107.774909942507
956 106.789498082022
957 100.998909640358
958 97.5266085675131
959 94.5971898294077
960 93.1259510770598
961 91.7009629056885
962 92.2244581066904
963 93.930026811303
964 95.0874898307626
965 99.1628375283791
966 102.311717824939
967 103.863951925385
968 105.988981287586
969 107.318498629087
970 107.824357283836
971 108.209119452976
972 107.849319417216
973 108.000738888171
974 107.795615744668
975 106.300710230557
976 106.544901430497
977 104.683679567826
978 103.297317153823
979 102.628396014128
980 104.041239005872
981 102.060350994935
982 100.62682056187
983 99.2840202595775
984 99.2177874115922
985 97.3561170292232
986 96.8661641249888
987 95.2575465034001
988 95.4116899541426
989 98.3681209750048
990 99.5163142234223
991 102.004300737896
992 102.689770737699
993 101.393276828123
994 100.875495908199
995 101.874884691355
996 99.3343825344137
997 98.0347130853985
998 93.0361022679533
999 92.3094878011622
1000 91.1870067023163
1001 89.6119141283746
1002 91.672536138018
1003 96.8411754193498
1004 101.331917372439
1005 103.743262669153
1006 109.385520021365
1007 113.33146289899
1008 114.964067975212
1009 115.520344939063
1010 113.677178181852
1011 110.534739816424
1012 106.607153648479
1013 102.899641860294
1014 98.4061433428963
1015 94.9399803664303
1016 92.2821789151946
1017 91.4145179296016
1018 92.6528275269767
1019 96.0313544695256
1020 98.5885222314529
1021 100.351060854924
1022 101.92071677754
1023 105.542882505001
1024 106.708609712553
1025 109.038414662075
1026 109.696630795561
1027 105.636260969882
1028 105.033668435823
1029 102.373554322803
1030 97.8192909615876
1031 96.2828216652302
1032 97.0434413394006
1033 96.6801052032964
1034 95.726230010178
1035 99.696116034561
1036 102.411272480573
1037 102.43899423751
1038 104.782571418745
1039 108.005674465014
1040 109.413269720214
1041 106.103892598777
1042 105.660359763223
1043 107.200854270794
1044 105.130206607187
1045 101.098258787389
1046 95.1802573060532
1047 95.7653807191097
1048 93.0135100214902
1049 90.6596688244823
1050 89.8848677269716
1051 90.1391681808656
1052 94.6050871591323
1053 97.5788309638184
1054 99.3081275768984
1055 101.287020287798
1056 102.279733139065
1057 101.472091300579
1058 100.29836499253
1059 99.8251024568554
1060 98.6445429208407
1061 99.5684877279279
1062 100.695598880165
1063 101.965003767132
1064 104.393816307313
1065 105.402861848361
1066 102.575927742047
1067 99.7716548706526
1068 99.305718250138
1069 97.8255025763833
1070 99.0828849078056
1071 98.8859210378367
1072 98.6485748066665
1073 97.9080658489979
1074 98.4056335761425
1075 97.1334979022148
1076 95.9030636133269
1077 96.6589036415711
1078 96.1278492033971
1079 99.4036850552162
1080 101.306995062776
1081 103.69352691711
1082 106.379152932245
1083 106.336352173973
1084 104.804686016007
1085 101.570784939936
1086 100.381100410459
1087 101.241256083135
1088 100.887033988561
1089 100.156617991122
1090 99.1145497771008
1091 98.7980548779504
1092 96.4278372739599
1093 95.1049082778226
1094 92.7867722348796
1095 92.434687165905
1096 93.287461710415
1097 94.4503150287007
1098 96.8977002824798
1099 99.9365416137727
1100 99.2896726547977
1101 99.9576942078152
1102 102.17585744221
1103 102.199740571781
1104 101.559754929235
1105 101.339992943895
1106 97.4761995599233
1107 96.929487969208
1108 96.4041994350997
1109 97.7815096632109
1110 97.6652778883638
1111 99.2296456829889
1112 101.970150194412
1113 106.529306036168
1114 109.011921565189
1115 109.537782705923
1116 107.645415838213
1117 104.427526315657
1118 101.421444865317
1119 100.703741823192
1120 101.242301024918
1121 99.5482168752016
1122 101.383968082478
1123 98.0031366855286
1124 93.4996623919198
1125 91.2723756233741
1126 92.266158200969
1127 93.179443568362
1128 91.9941389832383
1129 94.7221077928941
1130 98.0601184398958
1131 102.269135400828
1132 104.335574163055
1133 104.853228343017
1134 104.953972124567
1135 105.497580165158
1136 104.986476510683
1137 108.088828047747
1138 106.824172139772
1139 104.871169605719
1140 104.551244776178
1141 100.380086481374
1142 98.2294527631724
1143 97.0353676476557
1144 96.7311258653496
1145 95.6285374373328
1146 95.0386575399528
1147 95.5355573429782
1148 99.7315965482641
1149 100.579828605798
1150 99.6297548680648
1151 101.101031500152
1152 103.620401575138
1153 104.85367766202
1154 105.83566355458
1155 103.686847665709
1156 102.129548699958
1157 100.603331858367
1158 100.575974069901
1159 98.6799307558128
1160 97.2247320848519
1161 95.8878325285757
1162 97.0965962232219
1163 97.6487034722599
1164 95.8108087358199
1165 96.256830990663
1166 97.4036903850568
1167 101.236775042731
1168 101.936514978951
1169 105.265343609181
1170 107.392972607522
1171 106.719514352636
1172 106.994234414573
1173 106.688753365837
1174 107.340396371006
1175 108.613431525342
1176 105.998236865064
1177 103.503134271769
1178 100.903070619332
1179 98.5645598193461
1180 96.3470712124069
1181 97.0759802438258
1182 98.7464915021435
1183 99.1880530000266
1184 99.4433162389392
1185 100.230294037886
1186 100.947119575941
1187 103.691275880967
1188 104.172240264815
1189 104.380442002885
1190 103.94305398861
1191 105.793888286359
1192 106.017666912687
1193 103.417393799963
1194 102.352562681261
1195 100.574388819949
1196 100.945795550508
1197 99.7363517224046
1198 98.6972184164001
1199 96.3511516147383
1200 94.9605915511467
1201 92.9428228423011
1202 91.9927915952894
1203 92.0756928319904
1204 92.0535653807728
1205 90.636778442373
1206 92.9768061960467
1207 96.2848168177564
1208 100.155518552645
1209 102.003058283942
1210 104.436230756698
1211 107.903791869319
1212 108.915052339942
1213 107.323822795984
1214 106.803919728773
1215 105.783231034715
1216 103.311210220653
1217 101.88266190805
1218 98.7668234866571
1219 97.6890876621399
1220 97.6277876646712
1221 98.4191471019849
1222 99.6911682589439
1223 96.3844213729242
1224 94.7176255676473
1225 97.1758886157461
1226 95.534499022251
1227 97.5784685527832
1228 98.927976876191
1229 100.937954796204
1230 101.219151745135
1231 99.9029052222621
1232 100.026051502142
1233 99.9921199512852
1234 101.537224686066
1235 100.573043890821
1236 101.174867786442
1237 100.411093916895
1238 103.948526308455
1239 103.364133562706
1240 105.639176019311
1241 105.492369007633
1242 105.676581782376
1243 103.699851924538
1244 104.854230759918
1245 102.039591001722
1246 100.256027695764
1247 97.9876793842108
1248 97.8065431360824
1249 97.4207333436823
1250 99.3005137461653
1251 97.8957829740979
1252 99.7695723755116
1253 99.0463491486524
1254 98.3946897258592
1255 99.9856058960901
1256 98.1623931751233
1257 96.295220174881
1258 95.9082402251156
1259 97.4750353094638
1260 96.3974165353955
1261 95.9234602875997
1262 94.3223744635049
1263 97.4915865135825
1264 98.3887454186063
1265 100.149286066038
1266 102.941462845572
1267 106.491133478232
1268 106.548656760834
1269 109.068235002008
1270 109.825312699009
1271 111.108557727865
1272 110.747121109546
1273 106.783766199176
1274 102.266964692881
1275 98.7885894328531
1276 97.9716281221785
1277 95.9949121137864
1278 96.7023072645368
1279 95.9932791054604
1280 98.5475381738403
1281 97.7982832317608
1282 100.709390582805
1283 101.222314465693
1284 103.554467433299
1285 102.677908588832
1286 103.04145882138
1287 101.983718954391
1288 101.398999271893
1289 103.771343391165
1290 101.754018192671
1291 99.6300521318617
1292 96.8152907995968
1293 97.0955902975072
1294 97.2559816654129
1295 97.0849122978943
1296 97.0230263363079
1297 97.8417131119464
1298 99.3968789752598
1299 101.177208049021
1300 100.786173636617
1301 102.450639405542
1302 99.9329252594114
1303 100.184149721153
1304 101.840918727055
1305 99.2985834279036
1306 99.1550488568634
1307 98.2230743886339
1308 98.8647461643268
1309 98.9177588051502
1310 101.045270741704
1311 102.744120630204
1312 104.223228911046
1313 105.445178764451
1314 107.028827192325
1315 109.020173582945
1316 108.599770917089
1317 106.030260744538
1318 104.363580653734
1319 102.399105474896
1320 100.941648389386
1321 99.5190933400833
1322 98.3278894896751
1323 99.0320406721177
1324 99.3179485954777
1325 99.2826348958954
1326 100.910043425715
1327 100.916022283974
1328 101.213663223247
1329 101.461557662954
1330 98.5910648634036
1331 96.8583921468937
1332 93.6898486676937
1333 94.7247362817446
1334 95.0300030597029
1335 96.1637033422646
1336 97.8792551310522
1337 100.031844722817
1338 102.581262632011
1339 105.302110193736
1340 108.241574449865
1341 107.142547385666
1342 105.204887653329
1343 103.057524481891
1344 102.901926749635
1345 100.348205916779
1346 98.8677997719592
1347 95.6536713354077
1348 93.5882630982924
1349 92.5324823640056
1350 94.0412955457842
1351 92.9752956178252
1352 94.4626701388482
1353 95.5677982279108
1354 95.3782600742327
1355 96.2601362380801
1356 98.6591360487425
1357 102.5729773985
1358 105.38273513779
1359 107.433619866091
1360 109.147206014547
1361 108.067183515399
1362 106.780153501305
1363 103.214317154877
1364 96.3176023570796
1365 93.7320786200864
1366 94.7341798752714
1367 93.6235451366883
1368 93.4873725491105
1369 94.5747072998545
1370 95.3238816897903
1371 98.3689134734469
1372 99.85921018753
1373 103.578109830137
1374 104.126377419976
1375 103.37841872004
1376 99.2159385490578
1377 98.5462545574908
1378 95.2655989219535
1379 94.7437346779524
1380 93.7376230697944
1381 94.0779695920384
1382 94.8229460674397
1383 94.2947034287656
1384 95.0024027439116
1385 98.2663738616556
1386 98.6673992654042
1387 99.6689276209117
1388 101.770956956466
1389 104.376660771047
1390 103.797769144605
1391 103.839087901011
1392 102.029753667311
1393 100.595733940639
1394 98.928509455573
1395 96.1537511473552
1396 94.1216941859956
1397 94.6778562605919
1398 95.4965551443416
1399 98.0352048953851
1400 100.717755090006
1401 101.653790408294
1402 99.9794068241028
1403 101.609973630543
1404 102.344667268153
1405 102.337976270251
1406 103.863799156201
1407 103.837812231964
1408 103.180055984512
1409 99.5939190306283
1410 98.5553384238988
1411 97.6943618379058
1412 97.3600594956272
1413 96.1743762575895
1414 94.5157145402468
1415 95.7357233600663
1416 94.694613666536
1417 95.4508510362196
1418 97.5422393273202
1419 99.057245115536
1420 99.6843761633684
1421 100.55840650329
1422 102.78537569274
1423 104.957888064104
1424 108.06699673169
1425 105.451879769224
1426 105.195360380381
1427 104.106958668747
1428 105.85037182369
1429 102.763269055366
1430 101.717513971516
1431 99.8692902734691
1432 100.059333073656
1433 99.0256365109742
1434 98.630127923558
1435 98.2075970248583
1436 98.7893215064191
1437 99.5557681554844
1438 101.250549668201
1439 103.444147770989
1440 103.177715570184
1441 101.505467547198
1442 98.098828431559
1443 97.5925363449321
1444 96.1573145636303
1445 96.9415689502416
1446 101.487410595325
1447 105.589559014298
1448 105.323660658168
1449 105.975485645931
1450 105.447724714091
1451 104.977174970619
1452 103.826857115733
1453 103.742727616343
1454 100.056720548771
1455 98.0692615725003
1456 99.3716626731004
1457 100.312300624766
1458 99.9711481381918
1459 101.14497841145
1460 99.8056001913457
1461 100.616956042483
1462 102.84217867681
1463 101.457641153226
1464 101.273799245477
1465 99.6048517604103
1466 99.7597033525515
1467 97.5731525751785
1468 98.4454966312916
1469 98.6005520315719
1470 99.9385081953404
1471 100.081696682238
1472 100.968495124017
1473 102.090064132952
1474 101.69626591875
1475 103.752528068721
1476 105.156941762817
1477 105.067411425028
1478 104.782856554619
1479 103.20183359844
1480 100.216916370413
1481 97.9784381732297
1482 97.7464168393034
1483 97.3186809983822
1484 99.2328573161133
1485 99.3155532193454
1486 98.1877080875
1487 98.1459294513238
1488 98.8675946466191
1489 98.5082793112029
1490 101.003804125574
1491 101.213537718207
1492 101.204944417422
1493 101.478212498243
1494 98.6368258208888
1495 100.050316543266
1496 99.1678424688532
1497 100.428696362842
1498 100.292218128556
1499 100.295676681125
1500 99.9731174300331
1501 100.70455085677
1502 99.0593126036317
1503 97.0251730577962
1504 98.0270395206147
1505 99.5351851979459
1506 101.719118919475
1507 103.577815690101
1508 102.884700880612
1509 103.486498400298
1510 101.676005173655
1511 98.9896258761593
1512 98.8907761513436
1513 98.2383079498943
1514 97.5549234111386
1515 96.346615807446
1516 97.7832897163889
1517 98.9578781085263
1518 99.0959978294986
1519 99.3866082527013
1520 98.6961348702734
1521 100.725412933636
1522 100.482091896161
1523 101.80059033697
1524 102.996859142867
1525 102.828638328039
1526 103.513196913753
1527 100.950286871037
1528 100.22066156966
1529 101.810835156447
1530 97.8284586060734
1531 95.681280737573
1532 95.4540310213393
1533 94.9678750039041
1534 93.5240634136367
1535 97.5053527074446
1536 97.02656982015
1537 98.8937739040302
1538 99.2547092487263
1539 99.2402655969686
1540 100.190249552931
1541 100.675389926145
1542 101.124441910017
1543 101.76860080217
1544 101.310575138127
1545 104.25104027765
1546 104.206810794916
1547 105.016665631411
1548 106.099816460021
1549 105.450019832231
1550 105.986200262985
1551 106.341434576583
1552 104.342073987424
1553 101.397871358426
1554 97.9245760189901
1555 95.0950798850517
1556 92.8606498326139
1557 90.4657074364689
1558 89.3450833187807
1559 91.8736073249438
1560 90.4367891115815
1561 93.456026975099
1562 97.6404793073102
1563 101.085205663413
1564 103.763245445941
1565 104.990668289389
1566 105.802886968191
1567 110.949840797568
1568 111.727894469537
1569 109.358705947173
1570 107.036066706875
1571 103.742070888695
1572 101.276307510909
1573 99.1097798288311
1574 94.4266566783891
1575 92.3489284774624
1576 92.4543225201227
1577 90.3282439789526
1578 93.3668515766259
1579 95.4253737976817
1580 97.0105499489523
1581 95.4825333657955
1582 97.0631297543014
1583 99.5913857139254
1584 102.646735525541
1585 104.423723043864
1586 105.14610910784
1587 104.550022611685
1588 102.642297113326
1589 101.776173022985
1590 100.047064599293
1591 98.2794886085216
1592 98.8207811579276
1593 99.2692875594358
1594 98.1211701108769
1595 98.4897410195423
1596 100.237309478234
1597 99.4611402563415
1598 96.0473555134096
1599 93.2068181408271
1600 91.1784038702367
1601 91.477755824818
1602 92.254626508205
1603 91.2508389639119
1604 91.3665733152593
1605 92.2758345243348
1606 92.7428282712006
1607 96.2465484268267
1608 97.344749840206
1609 101.968127881615
1610 105.836216288344
1611 107.90662608374
1612 107.299630715432
1613 107.639270947624
1614 105.825694079803
1615 103.926045277074
1616 102.280347336978
1617 99.7352921589538
1618 97.4999264804947
1619 94.4563353145644
1620 91.5375575258748
1621 90.5520255287995
1622 93.260280986565
1623 94.6400590794748
1624 96.3542517272179
1625 99.7968449585113
1626 98.409152347046
1627 97.8374319473113
1628 98.2364417659258
1629 98.2906609150273
1630 99.4153054184577
1631 101.186576461815
1632 101.990686370308
1633 101.674340534168
1634 98.2325154389751
1635 98.9036493160116
1636 96.1302376333166
1637 94.9082795446631
1638 92.6336880920894
1639 91.9068324657257
1640 90.0824400867048
1641 93.4429694417371
1642 94.7478581182389
1643 94.9959536902291
1644 99.1253824390923
1645 103.053043943514
1646 105.623054552058
1647 106.294860340488
1648 108.601732911572
1649 108.068521892819
1650 105.209214717229
1651 99.8755888497751
1652 98.7671990044585
1653 96.9654896008407
1654 94.2008839118199
1655 93.4822396733745
1656 95.439152253569
1657 96.1589143575642
1658 99.2570400913322
1659 99.3724199310024
1660 100.346479829274
1661 100.74883891784
1662 101.536910853203
1663 101.964160348251
1664 103.682617687245
1665 105.302299244801
1666 106.003505122317
1667 109.416226615438
1668 108.533181097275
1669 106.71327188068
1670 101.357832568817
1671 97.5825787761768
1672 96.0249523933479
1673 94.8332211667125
1674 93.1688083133327
1675 91.8967389372978
1676 91.7344094632854
1677 92.6104661288507
1678 95.5848617908651
1679 98.6499846483331
1680 101.699691571104
1681 104.51772680162
1682 105.876595681146
1683 104.024365360285
1684 103.848805032702
1685 99.3858117098773
1686 97.1591533034305
1687 93.4114018615678
1688 90.6974698898211
1689 91.0216607998014
1690 90.8982450656823
1691 92.9766447620658
1692 95.4168004135626
1693 98.2331958868651
1694 99.759312757386
1695 102.400147349184
1696 102.172474000809
1697 102.298450780478
1698 102.506598493971
1699 102.655650406603
1700 102.430227814453
1701 100.281867621382
1702 96.4770677490596
1703 95.1079045095307
1704 96.0459751967139
1705 95.4575671901745
1706 95.7258591167697
1707 95.817916772769
1708 96.9787465360405
1709 97.2378978601409
1710 100.461806136711
1711 101.743346562267
1712 100.982466752782
1713 104.609336608038
1714 106.048309549349
1715 107.96674989904
1716 109.303384350763
1717 110.780184799795
1718 108.630020226166
1719 105.470394272336
1720 100.802642861879
1721 98.4047723191359
1722 93.6879022275807
1723 92.5169427781142
1724 93.2160739578433
1725 93.081092311627
1726 94.153242189127
1727 95.0109345795091
1728 96.1897082785695
1729 100.776276538141
1730 102.057232843705
1731 104.683734944649
1732 105.947941813942
1733 106.426883920757
1734 103.63113812839
1735 101.316001492962
1736 103.301063609052
1737 103.797060751043
1738 103.714543994752
1739 105.132453689282
1740 104.317426454708
1741 100.636394683023
1742 97.2133358945672
1743 93.0346208847181
1744 89.3711927555864
1745 91.1421833456503
1746 91.3896443614261
1747 89.3757351832049
1748 92.7742452123154
1749 96.6631385564578
1750 98.1636687228098
1751 98.7136162219858
1752 98.6440093869341
1753 98.8413971354238
1754 101.609739964112
1755 100.183570915101
1756 104.149160703794
1757 106.8994469611
1758 106.992746458872
1759 105.629811901228
1760 106.97368198483
1761 104.268217889629
1762 99.9237490424981
1763 97.4845135972885
1764 96.8117945132436
1765 93.8745070704542
1766 92.8363049901312
1767 94.0565600545411
1768 94.9703027364567
1769 97.3435463355355
1770 100.188881492941
1771 101.309784893946
1772 101.020428494159
1773 101.127814520814
1774 99.6926184149303
1775 100.899364617475
1776 100.43588860577
1777 101.003206118089
1778 102.273891620922
1779 101.045255971071
1780 100.692563807162
1781 100.234906653979
1782 99.4901141176598
1783 98.6112936912614
1784 97.9420303687815
1785 96.6710365009293
1786 99.387031966558
1787 101.798743717724
1788 100.896305361868
1789 100.347132554902
1790 101.103676285191
1791 99.2235027913739
1792 98.8352483207553
1793 100.583198584403
1794 101.902950188652
1795 99.3894935595176
1796 100.812672592075
1797 102.115002614666
1798 102.468467745318
1799 100.598893571331
1800 99.3211928075066
1801 98.7702881135188
1802 97.9862556036189
1803 96.9063083070998
1804 99.3816566264026
1805 100.975872054603
1806 102.370881603549
1807 101.890708183198
1808 101.655945244841
1809 102.751374140746
1810 104.805265698634
1811 103.670428547313
1812 100.51882694833
1813 99.243940265792
1814 95.9759155970815
1815 94.7103892018816
1816 93.306716488656
1817 92.5207631361544
1818 92.5362658539693
1819 93.3846675911431
1820 95.0774016480097
1821 95.9105359937513
1822 95.6061371271206
1823 95.7170696851791
1824 97.4388905590846
1825 100.277157156126
1826 101.056775969273
1827 103.449968138641
1828 104.761092170141
1829 106.711125320317
1830 107.255805414933
1831 108.399740099156
1832 107.604099527137
1833 106.825673869124
1834 104.644125886966
1835 100.255720360676
1836 100.399879491365
1837 97.4912114086954
1838 95.2185002427417
1839 97.4143057255492
1840 96.9159006571943
1841 96.338148185374
1842 94.3615750689178
1843 94.07047009085
1844 95.2125842613209
1845 95.5032990037009
1846 96.0922662068414
1847 99.785787538806
1848 100.426919395015
1849 102.496230352867
1850 102.470694141236
1851 102.280657021626
1852 102.316849754701
1853 99.3138706787188
1854 99.8077964581526
1855 95.5054269883802
1856 94.9824378483886
1857 94.9832465439694
1858 94.2658319120011
1859 94.9586709890732
1860 98.3639578512063
1861 99.2498219081629
1862 101.178889303067
1863 100.027485426915
1864 97.1202052459501
1865 98.369855759082
1866 99.4606514742917
1867 100.517528337764
1868 102.265251268626
1869 101.914999969576
1870 98.8665787602913
1871 96.806747363922
1872 97.8938991919364
1873 98.4431318861918
1874 98.6307054619856
1875 100.221443452725
1876 103.834515930651
1877 102.712855048544
1878 102.142575572967
1879 100.241141040374
1880 101.81660875238
1881 101.158729268808
1882 99.5503555046508
1883 100.127700969074
1884 100.054342265429
1885 100.770806078366
1886 101.679073549951
1887 102.534057756319
1888 100.448911238266
1889 98.0401870750446
1890 96.4736903278586
1891 93.4921221005897
1892 93.9932765150978
1893 95.8103274608055
1894 96.6654107396024
1895 97.2276644339993
1896 97.6286424510997
1897 98.899681032093
1898 102.166353301159
1899 102.56374267415
1900 101.57200972099
1901 101.412723460736
1902 98.423829409
1903 96.9451667098634
1904 97.1422513757768
1905 99.4928142083037
1906 100.77126579243
1907 100.313588796561
1908 103.468448640391
1909 105.103864743864
1910 106.020090336078
1911 105.213276999323
1912 104.585178918739
1913 104.499642826268
1914 102.885683373202
1915 99.3722530173083
1916 99.057726868927
1917 97.7448040602817
1918 98.031658211295
1919 97.8494820372454
1920 101.690583796895
1921 102.673306983276
1922 101.157113667061
1923 99.9161831218011
1924 100.625468331307
1925 101.371199018554
1926 102.148366493236
1927 101.124339568355
1928 102.65571446254
1929 100.380244365577
1930 99.6962011462305
1931 100.704645089757
1932 100.191970353131
1933 99.7104210623148
1934 101.137028997116
1935 102.025690281515
1936 101.876773751165
1937 103.259080206493
1938 102.666992231361
1939 100.583970276236
1940 99.5174012461912
1941 99.7868279298827
1942 101.852989217172
1943 102.69780838725
1944 102.216873004064
1945 100.240531699874
1946 97.5085591351362
1947 99.1534840710349
1948 100.58289583719
1949 101.837146939718
1950 105.13709546955
1951 107.514461524652
1952 106.500273875758
1953 106.040028468099
1954 106.856859438116
1955 106.762734456072
1956 102.514110641327
1957 99.8904526514776
1958 99.0659238361107
1959 95.8677994840042
1960 95.7497550746089
1961 94.9167537335827
1962 92.424400565254
1963 93.4071919836595
1964 96.610157483421
1965 97.0486720057816
1966 96.8797705561177
1967 100.403817455711
1968 102.303036732453
1969 104.743070990203
1970 105.19286123903
1971 101.532828205655
1972 101.060783273667
1973 99.6711937490902
1974 96.8994705890428
1975 97.0286208951305
1976 100.025859405438
1977 102.365627670299
1978 103.855539881496
1979 102.674401459083
1980 101.73568759347
1981 99.2155599802874
1982 96.9944121543754
1983 94.7148377448793
1984 92.5183389645832
1985 94.4635421938007
1986 94.4190454145874
1987 97.2930867612411
1988 100.435227824087
1989 100.522821674523
1990 102.621482759573
1991 102.688178891867
1992 103.106454754382
1993 104.315882380519
1994 104.470317627949
1995 105.33617452199
1996 106.986135037429
1997 103.254475163054
1998 101.673532670429
1999 98.7988667846191
2000 95.6014020127143
