-1.40304158855351
1.58229402168492
2.12609982113191
0.509128279673577
-1.23838130937289
-1.13984115106223
-3.63829447762385
-1.27360697383522
-1.49010429312934
-0.783570239084088
-0.665608820570617
-0.82913400316902
0.792424282141916
1.66678903237165
-0.0769750187888802
-0.713405197324748
-0.756964474324877
-1.60047413983701
-1.2219397483059
-1.62945258866645
-1.91757738543842
-1.26061932822153
0.338724021366526
1.80946980640606
0.910355322617686
0.892461076118822
-0.081906827173254
0.446261068562294
0.00548237917631483
-0.465422067347351
1.41495538376087
2.10537089587726
1.18303895699153
-0.332166792334995
-0.21952414968358
0.107952050463729
2.81660681791094
0.967270325925313
0.693334706781433
-0.651689791330271
-0.455859777225746
0.549113934843455
-0.0546103689624843
0.281993595871603
0.19397256037306
0.026041988525837
1.62037674682873
2.2959440757384
1.32019607704156
-0.854092406501102
-2.28635836124878
0.137910904367585
2.40580446889358
0.486549690866814
0.296754927199358
-1.25163929277137
-1.62481002593321
-1.33806437629429
-0.0366362325002001
0.786040695930562
